0 0.651923 0.845745 0.155128 0.227660
0 0.433974 0.374468 0.088462 0.063830
0 0.521154 0.460638 0.103846 0.061702
0 0.791026 0.545745 0.161538 0.121277
0 0.810897 0.351064 0.116667 0.076596
0 0.198077 0.357447 0.055128 0.055319
0 0.057051 0.528723 0.065385 0.078723
0 0.090385 0.435106 0.067949 0.061702
0 0.804487 0.273404 0.078205 0.044681
0 0.390385 0.308511 0.062821 0.042553
0 0.680128 0.267021 0.075641 0.044681
0 0.591667 0.289362 0.055128 0.034043
0 0.553205 0.319149 0.052564 0.034043
0 0.484615 0.280851 0.043590 0.029787
0 0.291026 0.257447 0.058974 0.029787
0 0.058974 0.344681 0.053846 0.038298
0 0.057051 0.287234 0.042308 0.029787
